25.01440077
121.5514492
0.0
25.01440077
121.5514492
0.0
25.01446397
121.5514653
0.0
25.01446397
121.5514653
0.0
25.01433757
121.551712
0.0
25.01433757
121.551712
0.0
25.01439105
121.5517415
0.0
25.01439105
121.5517415
0.0
{"road":[25.03297,121.56543,25.03299,121.5636,25.03297,121.56325,25.03302,121.56135,25.03306,121.55994,25.03306,121.55971,25.03309,121.55949,25.03297,121.55942,25.03288,121.55938,25.03282,121.55934,25.03204,121.55889,25.03169,121.55871,25.03039,121.55793,25.03002,121.5577,25.02986,121.55757,25.02952,121.55737,25.02941,121.55733,25.02822,121.55664,25.02794,121.55647,25.02779,121.55638,25.02771,121.55629,25.0274,121.55595,25.02464,121.55281,25.02409,121.55216,25.02335,121.55133,25.02264,121.55054,25.02241,121.55024,25.022,121.54975,25.02169,121.54941,25.02155,121.54927,25.0213,121.54896,25.02087,121.54845,25.02074,121.54831,25.0202,121.54769,25.02012,121.54762,25.01975,121.54719,25.01937,121.54676,25.01908,121.54638,25.01899,121.54648,25.01888,121.54663,25.01878,121.54676,25.0187,121.54687,25.01864,121.54692,25.01821,121.54738,25.01781,121.54778,25.01746,121.54816,25.01726,121.54839,25.01706,121.54864,25.01685,121.54895,25.01692,121.54897,25.01683,121.54914,25.01613,121.55016,25.01529,121.5514,25.01466,121.55237,25.01455,121.55259,25.01433,121.55309,25.01408,121.55389,25.01393,121.55464,25.01389,121.55504,25.01388,121.5558,25.01392,121.55691,25.01397,121.55763,25.01399,121.55822,25.01396,121.55883,25.01388,121.55937,25.0138,121.55967,25.01371,121.55993,25.01349,121.56045,25.01336,121.56069,25.01318,121.56099,25.01306,121.56118,25.01283,121.56146,25.0124,121.56187,25.01113,121.56291,25.01068,121.56334,25.01018,121.56394,25.00981,121.5645,25.00949,121.56511,25.00932,121.5655,25.00909,121.56617,25.00846,121.56863,25.00813,121.56994,25.00687,121.57499,25.00676,121.57542,25.00665,121.57574,25.00634,121.57639,25.00617,121.57674,25.00606,121.5769,25.00586,121.57716,25.00567,121.57736,25.00529,121.57767,25.00492,121.57792,25.00443,121.57817,25.0039,121.57836,25.00348,121.57846,25.00318,121.57849,25.00293,121.57848,25.0027,121.57844,25.00234,121.5783,25.0021,121.57816,25.00191,121.578,25.00178,121.57788,25.00161,121.57764,25.00126,121.5772,25.00113,121.57708,25.00102,121.577,25.0009,121.57696,25.00084,121.57693,25.00045,121.57677,25.00029,121.57666,25.00013,121.57652,24.99994,121.57596,24.99985,121.57575,24.99977,121.57563,24.99967,121.57558,24.99958,121.57558,24.99882,121.57513,24.99844,121.57485,24.9982,121.5746,24.99777,121.57412,24.99684,121.57306,24.99621,121.57234,24.99598,121.57213,24.99566,121.57193,24.99537,121.57182,24.99525,121.5718,24.99478,121.57173,24.9917,121.57113,24.99162,121.57111,24.99161,121.57146,24.9916,121.57209,24.99159,121.57312,24.99159,121.57367,24.99171,121.57365,24.99261,121.57372,24.99343,121.5738,24.99433,121.57389,24.9945,121.57391,24.99458,121.57395,24.99468,121.57397,24.99479,121.574,24.99492,121.57406,24.995,121.57412,24.99513,121.57428,24.99526,121.57448,24.9958,121.57545,24.99639,121.57643,24.9977,121.5786,24.9982,121.57944,24.99904,121.58084,24.99909,121.58092],"status":"fix_finished"}